0.840000000000000
0.843320312500000
0.846640625000000
0.849960937500000
0.853281250000000
0.856601562500000
0.859921875000000
0.863242187500000
0.866562500000000
0.869882812500000
0.873203125000000
0.876523437500000
0.879843750000000
0.883164062500000
0.886484375000000
0.889804687500000
0.893125000000000
0.896445312500000
0.899765625000000
0.903085937500000
0.906406250000000
0.909726562500000
0.913046875000000
0.916367187500000
0.919687500000000
0.923007812500000
0.926328125000000
0.929648437500000
0.932968750000000
0.936289062500000
0.939609375000000
0.942929687500000
0.946250000000000
0.949570312500000
0.952890625000000
0.956210937500000
0.959531250000000
0.962851562500000
0.966171875000000
0.969492187500000
0.972812500000000
0.976132812500000
0.979453125000000
0.982773437500000
0.986093750000000
0.989414062500000
0.992734375000000
0.996054687500000
0.999375000000000
1.00269531250000
1.00601562500000
1.00933593750000
1.01265625000000
1.01597656250000
1.01929687500000
1.02261718750000
1.02593750000000
1.02925781250000
1.03257812500000
1.03589843750000
1.03921875000000
1.04253906250000
1.04585937500000
1.04917968750000
1.05250000000000
1.05582031250000
1.05914062500000
1.06246093750000
1.06578125000000
1.06910156250000
1.07242187500000
1.07574218750000
1.07906250000000
1.08238281250000
1.08570312500000
1.08902343750000
1.09234375000000
1.09566406250000
1.09898437500000
1.10230468750000
1.10562500000000
1.10894531250000
1.11226562500000
1.11558593750000
1.11890625000000
1.12222656250000
1.12554687500000
1.12886718750000
1.13218750000000
1.13550781250000
1.13882812500000
1.14214843750000
1.14546875000000
1.14878906250000
1.15210937500000
1.15542968750000
1.15875000000000
1.16207031250000
1.16539062500000
1.16871093750000
1.17203125000000
1.17535156250000
1.17867187500000
1.18199218750000
1.18531250000000
1.18863281250000
1.19195312500000
1.19527343750000
1.19859375000000
1.20191406250000
1.20523437500000
1.20855468750000
1.21187500000000
1.21519531250000
1.21851562500000
1.22183593750000
1.22515625000000
1.22847656250000
1.23179687500000
1.23511718750000
1.23843750000000
1.24175781250000
1.24507812500000
1.24839843750000
1.25171875000000
1.25503906250000
1.25835937500000
1.26167968750000
1.26500000000000
1.26832031250000
1.27164062500000
1.27496093750000
1.27828125000000
1.28160156250000
1.28492187500000
1.28824218750000
1.29156250000000
1.29488281250000
1.29820312500000
1.30152343750000
1.30484375000000
1.30816406250000
1.31148437500000
1.31480468750000
1.31812500000000
1.32144531250000
1.32476562500000
1.32808593750000
1.33140625000000
1.33472656250000
1.33804687500000
1.34136718750000
1.34468750000000
1.34800781250000
1.35132812500000
1.35464843750000
1.35796875000000
1.36128906250000
1.36460937500000
1.36792968750000
1.37125000000000
1.37457031250000
1.37789062500000
1.38121093750000
1.38453125000000
1.38785156250000
1.39117187500000
1.39449218750000
1.39781250000000
1.40113281250000
1.40445312500000
1.40777343750000
1.41109375000000
1.41441406250000
1.41773437500000
1.42105468750000
1.42437500000000
1.42769531250000
1.43101562500000
1.43433593750000
1.43765625000000
1.44097656250000
1.44429687500000
1.44761718750000
1.45093750000000
1.45425781250000
1.45757812500000
1.46089843750000
1.46421875000000
1.46753906250000
1.47085937500000
1.47417968750000
1.47750000000000
1.48082031250000
1.48414062500000
1.48746093750000
1.49078125000000
1.49410156250000
1.49742187500000
1.50074218750000
1.50406250000000
1.50738281250000
1.51070312500000
1.51402343750000
1.51734375000000
1.52066406250000
1.52398437500000
1.52730468750000
1.53062500000000
1.53394531250000
1.53726562500000
1.54058593750000
1.54390625000000
1.54722656250000
1.55054687500000
1.55386718750000
1.55718750000000
1.56050781250000
1.56382812500000
1.56714843750000
1.57046875000000
1.57378906250000
1.57710937500000
1.58042968750000
1.58375000000000
1.58707031250000
1.59039062500000
1.59371093750000
1.59703125000000
1.60035156250000
1.60367187500000
1.60699218750000
1.61031250000000
1.61363281250000
1.61695312500000
1.62027343750000
1.62359375000000
1.62691406250000
1.63023437500000
1.63355468750000
1.63687500000000
1.64019531250000
1.64351562500000
1.64683593750000
1.65015625000000
1.65347656250000
1.65679687500000
1.66011718750000
1.66343750000000
1.66675781250000
1.67007812500000
1.67339843750000
1.67671875000000
1.68003906250000
1.68335937500000
1.68667968750000
1.69000000000000
1.69332031250000
1.69664062500000
1.69996093750000
1.70328125000000
1.70660156250000
1.70992187500000
1.71324218750000
1.71656250000000
1.71988281250000
1.72320312500000
1.72652343750000
1.72984375000000
1.73316406250000
1.73648437500000
1.73980468750000
1.74312500000000
1.74644531250000
1.74976562500000
1.75308593750000
1.75640625000000
1.75972656250000
1.76304687500000
1.76636718750000
1.76968750000000
1.77300781250000
1.77632812500000
1.77964843750000
1.78296875000000
1.78628906250000
1.78960937500000
1.79292968750000
1.79625000000000
1.79957031250000
1.80289062500000
1.80621093750000
1.80953125000000
1.81285156250000
1.81617187500000
1.81949218750000
1.82281250000000
1.82613281250000
1.82945312500000
1.83277343750000
1.83609375000000
1.83941406250000
1.84273437500000
1.84605468750000
1.84937500000000
1.85269531250000
1.85601562500000
1.85933593750000
1.86265625000000
1.86597656250000
1.86929687500000
1.87261718750000
1.87593750000000
1.87925781250000
1.88257812500000
1.88589843750000
1.88921875000000
1.89253906250000
1.89585937500000
1.89917968750000
1.90250000000000
1.90582031250000
1.90914062500000
1.91246093750000
1.91578125000000
1.91910156250000
1.92242187500000
1.92574218750000
1.92906250000000
1.93238281250000
1.93570312500000
1.93902343750000
1.94234375000000
1.94566406250000
1.94898437500000
1.95230468750000
1.95562500000000
1.95894531250000
1.96226562500000
1.96558593750000
1.96890625000000
1.97222656250000
1.97554687500000
1.97886718750000
1.98218750000000
1.98550781250000
1.98882812500000
1.99214843750000
1.99546875000000
1.99878906250000
2.00210937500000
2.00542968750000
2.00875000000000
2.01207031250000
2.01539062500000
2.01871093750000
2.02203125000000
2.02535156250000
2.02867187500000
2.03199218750000
2.03531250000000
2.03863281250000
2.04195312500000
2.04527343750000
2.04859375000000
2.05191406250000
2.05523437500000
2.05855468750000
2.06187500000000
2.06519531250000
2.06851562500000
2.07183593750000
2.07515625000000
2.07847656250000
2.08179687500000
2.08511718750000
2.08843750000000
2.09175781250000
2.09507812500000
2.09839843750000
2.10171875000000
2.10503906250000
2.10835937500000
2.11167968750000
2.11500000000000
2.11832031250000
2.12164062500000
2.12496093750000
2.12828125000000
2.13160156250000
2.13492187500000
2.13824218750000
2.14156250000000
2.14488281250000
2.14820312500000
2.15152343750000
2.15484375000000
2.15816406250000
2.16148437500000
2.16480468750000
2.16812500000000
2.17144531250000
2.17476562500000
2.17808593750000
2.18140625000000
2.18472656250000
2.18804687500000
2.19136718750000
2.19468750000000
2.19800781250000
2.20132812500000
2.20464843750000
2.20796875000000
2.21128906250000
2.21460937500000
2.21792968750000
2.22125000000000
2.22457031250000
2.22789062500000
2.23121093750000
2.23453125000000
2.23785156250000
2.24117187500000
2.24449218750000
2.24781250000000
2.25113281250000
2.25445312500000
2.25777343750000
2.26109375000000
2.26441406250000
2.26773437500000
2.27105468750000
2.27437500000000
2.27769531250000
2.28101562500000
2.28433593750000
2.28765625000000
2.29097656250000
2.29429687500000
2.29761718750000
2.30093750000000
2.30425781250000
2.30757812500000
2.31089843750000
2.31421875000000
2.31753906250000
2.32085937500000
2.32417968750000
2.32750000000000
2.33082031250000